1 0.04140625 0.6421875 0.0828125 0.196875
1 0.13515625 0.578125 0.1171875 0.1640625
1 0.23828125 0.55 0.1234375 0.18125
1 0.3390625 0.521875 0.1109375 0.153125
1 0.43828125 0.52890625 0.096875 0.1828125
1 0.55078125 0.56875 0.121875 0.1625
1 0.63671875 0.63125 0.125 0.1953125
1 0.2515625 0.72890625 0.121875 0.175
1 0.40625 0.734375 0.1140625 0.19375
1 0.52734375 0.77734375 0.096875 0.171875
1 0.634375 0.865625 0.128125 0.215625
1 0.70546875 0.940625 0.1109375 0.11875
1 0.83203125 0.93359375 0.1453125 0.1328125
1 0.7234375 0.68984375 0.115625 0.1765625
1 0.803125 0.78671875 0.125 0.184375