1 0.15 0.6703125 0.0828125 0.1640625
1 0.23984375 0.59375 0.08125 0.134375
1 0.32578125 0.5515625 0.084375 0.15
1 0.41015625 0.509375 0.078125 0.125
1 0.4984375 0.4984375 0.059375 0.15625
1 0.60546875 0.51484375 0.0859375 0.1328125
1 0.6921875 0.5546875 0.0828125 0.1625
1 0.0578125 0.80234375 0.0859375 0.1734375
1 0.36875 0.70703125 0.084375 0.14375
1 0.50546875 0.68515625 0.0734375 0.1640625
1 0.6203125 0.703125 0.0609375 0.1453125
1 0.7296875 0.7625 0.08125 0.18125
1 0.8125 0.86875 0.0734375 0.2
1 0.92421875 0.82890625 0.0984375 0.18125
1 0.778125 0.5921875 0.078125 0.146875
1 0.865625 0.66328125 0.0859375 0.1515625