1 0.11875 0.3890625 0.109375 0.1796875
1 0.221875 0.4515625 0.103125 0.1484375
1 0.31484375 0.48125 0.109375 0.1640625
1 0.40703125 0.51015625 0.0984375 0.1390625
1 0.49765625 0.50703125 0.084375 0.1671875
1 0.603125 0.4734375 0.1078125 0.1484375
1 0.684375 0.41953125 0.109375 0.178125
1 0.03046875 0.26953125 0.0609375 0.1890625
1 0.33359375 0.31640625 0.1078125 0.1578125
1 0.475 0.3171875 0.1 0.178125
1 0.5875 0.28046875 0.084375 0.15625
1 0.68984375 0.203125 0.1109375 0.1953125
1 0.75625 0.09453125 0.10625 0.1890625
1 0.875 0.10546875 0.128125 0.1984375
1 0.765625 0.3671875 0.1015625 0.1609375
1 0.8421875 0.28125 0.1109375 0.1671875