2 0.1953125 0.478125 0.078125 0.1
2 0.22890625 0.41640625 0.0640625 0.0921875
2 0.31015625 0.34375 0.0609375 0.09375
2 0.365625 0.4734375 0.0640625 0.0875
2 0.4328125 0.5609375 0.0578125 0.0921875
2 0.6078125 0.740625 0.04375 0.0875
2 0.721875 0.65078125 0.0515625 0.1015625
2 0.68125 0.53984375 0.0484375 0.09375
2 0.55 0.73203125 0.053125 0.0953125
2 0.46953125 0.77890625 0.0515625 0.08125
2 0.396875 0.7234375 0.053125 0.0890625
2 0.32265625 0.63671875 0.0578125 0.090625
2 0.23046875 0.56328125 0.0484375 0.0921875
2 0.46171875 0.2796875 0.0875 0.115625
2 0.54140625 0.4125 0.075 0.134375