2 0.1296875 0.4328125 0.078125 0.1
2 0.15546875 0.49609375 0.0671875 0.09375
2 0.22890625 0.5765625 0.0625 0.0953125
2 0.296875 0.4546875 0.0671875 0.0875
2 0.3734375 0.375 0.059375 0.0921875
2 0.56328125 0.215625 0.0453125 0.0875
2 0.6671875 0.31640625 0.0546875 0.1015625
2 0.615625 0.42109375 0.05 0.0921875
2 0.50546875 0.21875 0.0546875 0.0953125
2 0.43125 0.1640625 0.0546875 0.08125
2 0.353125 0.21171875 0.053125 0.0890625
2 0.2703125 0.2890625 0.059375 0.090625
2 0.171875 0.3515625 0.0515625 0.090625
2 0.371875 0.65546875 0.0890625 0.115625
2 0.46484375 0.5328125 0.078125 0.134375