2 0.18671875 0.47578125 0.0625 0.084375
2 0.21171875 0.53359375 0.0515625 0.0796875
2 0.2796875 0.60546875 0.0484375 0.08125
2 0.33984375 0.49296875 0.0515625 0.075
2 0.40703125 0.41953125 0.0453125 0.0796875
2 0.578125 0.271875 0.0328125 0.0765625
2 0.67421875 0.36171875 0.0390625 0.0890625
2 0.62890625 0.4578125 0.0375 0.08125
2 0.52578125 0.275 0.040625 0.0828125
2 0.45703125 0.2265625 0.040625 0.0703125
2 0.38671875 0.27109375 0.040625 0.0765625
2 0.31328125 0.34296875 0.0453125 0.078125
2 0.225 0.4015625 0.0375 0.0796875
2 0.4109375 0.675 0.0703125 0.0984375
2 0.49296875 0.56171875 0.0578125 0.1171875