2 0.88515625 0.478125 0.0703125 0.09375
2 0.85625 0.41640625 0.0578125 0.0875
2 0.78046875 0.3390625 0.0546875 0.090625
2 0.71640625 0.4625 0.0578125 0.0828125
2 0.6453125 0.54453125 0.05 0.0875
2 0.4609375 0.70859375 0.0375 0.084375
2 0.35390625 0.6125 0.0453125 0.0984375
2 0.4015625 0.50703125 0.0421875 0.0890625
2 0.51875 0.7046875 0.046875 0.090625
2 0.59453125 0.75625 0.0453125 0.0765625
2 0.6703125 0.70625 0.0453125 0.084375
2 0.74921875 0.62578125 0.05 0.0859375
2 0.84375 0.56015625 0.0421875 0.0875
2 0.6359375 0.265625 0.078125 0.109375
2 0.5484375 0.390625 0.065625 0.1296875