2 0.8 0.40625 0.05625 0.08125
2 0.78828125 0.46796875 0.0453125 0.078125
2 0.73828125 0.553125 0.0421875 0.0796875
2 0.6546875 0.45703125 0.046875 0.071875
2 0.571875 0.40078125 0.0390625 0.0765625
2 0.37265625 0.2953125 0.0265625 0.075
2 0.29921875 0.4046875 0.0328125 0.0875
2 0.36484375 0.4875 0.0296875 0.0796875
2 0.42421875 0.28671875 0.034375 0.08125
2 0.48046875 0.22421875 0.0359375 0.0671875
2 0.55859375 0.2515625 0.034375 0.075
2 0.646875 0.3046875 0.0390625 0.075
2 0.74609375 0.3421875 0.03125 0.078125
2 0.6265625 0.65 0.0625 0.09375
2 0.5203125 0.55859375 0.0484375 0.1140625