2 0.1921875 0.6078125 0.0671875 0.090625
2 0.1984375 0.5421875 0.0546875 0.084375
2 0.24296875 0.4484375 0.0515625 0.0859375
2 0.340625 0.54140625 0.05625 0.0796875
2 0.43125 0.5921875 0.0484375 0.0828125
2 0.6515625 0.6859375 0.0328125 0.08125
2 0.71875 0.5640625 0.0421875 0.09375
2 0.6421875 0.48203125 0.0390625 0.0859375
2 0.59765625 0.69921875 0.0421875 0.0875
2 0.54453125 0.7703125 0.04375 0.0734375
2 0.46015625 0.7484375 0.0421875 0.0796875
2 0.3625 0.70078125 0.046875 0.08125
2 0.2546875 0.67109375 0.040625 0.084375
2 0.35234375 0.33515625 0.0734375 0.1046875
2 0.471875 0.42109375 0.0609375 0.1234375