2 0.21328125 0.3140625 0.0765625 0.096875
2 0.21015625 0.38046875 0.065625 0.090625
2 0.2421875 0.47890625 0.0625 0.0921875
2 0.35 0.4 0.065625 0.084375
2 0.44765625 0.3625 0.0578125 0.0875
2 0.6765625 0.3015625 0.0453125 0.0828125
2 0.725 0.43125 0.0546875 0.096875
2 0.6390625 0.5 0.05 0.0890625
2 0.625 0.28046875 0.0546875 0.090625
2 0.5828125 0.20390625 0.053125 0.0765625
2 0.496875 0.21328125 0.053125 0.084375
2 0.39296875 0.246875 0.0578125 0.0859375
2 0.28359375 0.26171875 0.05 0.0875
2 0.33359375 0.60390625 0.0859375 0.1109375
2 0.4625 0.5359375 0.0765625 0.128125