2 0.8046875 0.61015625 0.0625 0.0859375
2 0.796875 0.5453125 0.0515625 0.08125
2 0.75 0.45546875 0.046875 0.0828125
2 0.65859375 0.54921875 0.0515625 0.078125
2 0.57109375 0.60234375 0.04375 0.08125
2 0.36015625 0.70078125 0.0296875 0.0796875
2 0.290625 0.584375 0.0375 0.090625
2 0.3625 0.503125 0.0359375 0.0828125
2 0.4125 0.71171875 0.0390625 0.084375
2 0.4671875 0.7796875 0.040625 0.0703125
2 0.54921875 0.75546875 0.0390625 0.078125
2 0.6421875 0.70546875 0.04375 0.0796875
2 0.74609375 0.67265625 0.0375 0.08125
2 0.63984375 0.34921875 0.06875 0.1
2 0.5265625 0.43828125 0.05625 0.1203125