2 0.19453125 0.42734375 0.0515625 0.078125
2 0.21015625 0.48828125 0.040625 0.075
2 0.265625 0.56953125 0.0375 0.0765625
2 0.34296875 0.46796875 0.0421875 0.0703125
2 0.42109375 0.40625 0.034375 0.075
2 0.6125 0.28671875 0.0203125 0.075
2 0.69375 0.390625 0.0265625 0.0859375
2 0.63359375 0.478125 0.025 0.078125
2 0.5609375 0.28203125 0.028125 0.0796875
2 0.5 0.2234375 0.03125 0.065625
2 0.42421875 0.25625 0.0296875 0.071875
2 0.33984375 0.315625 0.034375 0.0734375
2 0.24375 0.359375 0.0265625 0.0765625
2 0.384375 0.65859375 0.05625 0.090625
2 0.48359375 0.56015625 0.040625 0.1125