2 0.91015625 0.41015625 0.1515625 0.334375
2 0.86328125 0.27578125 0.19375 0.4046875
2 0.48359375 0.35859375 0.13125 0.378125
2 0.346875 0.3703125 0.1234375 0.334375
2 0.1984375 0.41640625 0.1171875 0.3015625
2 0.14296875 0.63515625 0.1109375 0.2609375
2 0.06953125 0.68515625 0.0875 0.253125
2 0.0359375 0.66796875 0.071875 0.3015625
2 0.0859375 0.82265625 0.096875 0.2203125
2 0.02578125 0.87421875 0.0515625 0.1421875
2 0.13984375 0.890625 0.0671875 0.1421875
2 0.68203125 0.715625 0.1171875 0.2703125
2 0.7609375 0.74765625 0.125 0.278125
2 0.7375 0.83125 0.103125 0.2671875
2 0.86640625 0.509375 0.1515625 0.3171875