2 0.89296875 0.74609375 0.203125 0.3828125
2 0.80078125 0.81015625 0.3109375 0.3796875
2 0.47890625 0.58515625 0.2375 0.4328125
2 0.35234375 0.503125 0.2171875 0.384375
2 0.23359375 0.3828125 0.203125 0.35
2 0.29140625 0.1484375 0.1859375 0.296875
2 0.24609375 0.1015625 0.1578125 0.203125
2 0.1796875 0.11015625 0.19375 0.2203125
2 0.3171875 0.03125 0.128125 0.0625
2 0.85234375 0.34296875 0.1953125 0.315625
2 0.92109375 0.3515625 0.1578125 0.328125
2 0.93671875 0.25859375 0.1265625 0.3109375
2 0.90078125 0.63203125 0.1984375 0.3671875