2 0.9015625 0.72109375 0.190625 0.3734375
2 0.80859375 0.80859375 0.2421875 0.3828125
2 0.4515625 0.625 0.175 0.415625
2 0.31640625 0.565625 0.1625 0.36875
2 0.18125 0.465625 0.1515625 0.334375
2 0.20078125 0.225 0.14375 0.2890625
2 0.14375 0.14921875 0.1171875 0.278125
2 0.084375 0.15625 0.140625 0.3125
2 0.2046875 0.06796875 0.115625 0.1359375
2 0.1515625 0.0078125 0.078125 0.015625
2 0.28203125 0.02109375 0.0765625 0.0421875
2 0.77734375 0.33125 0.1515625 0.3
2 0.86875 0.3265625 0.1578125 0.3109375
2 0.87421875 0.2328125 0.1359375 0.296875
2 0.89296875 0.60546875 0.1921875 0.353125