2 0.87890625 0.678125 0.1484375 0.3296875
2 0.80234375 0.79609375 0.190625 0.396875
2 0.459375 0.62578125 0.128125 0.3703125
2 0.33125 0.58203125 0.1203125 0.328125
2 0.20078125 0.50234375 0.1140625 0.296875
2 0.19921875 0.28125 0.109375 0.25625
2 0.14140625 0.215625 0.0859375 0.2484375
2 0.08359375 0.21875 0.1125 0.296875
2 0.1890625 0.09765625 0.09375 0.1953125
2 0.1359375 0.04609375 0.06875 0.0921875
2 0.084375 0.03671875 0.059375 0.0734375
2 0.25625 0.053125 0.065625 0.10625
2 0.73359375 0.33203125 0.115625 0.265625
2 0.81640625 0.3203125 0.121875 0.275
2 0.81328125 0.234375 0.1015625 0.2640625
2 0.8609375 0.57265625 0.1484375 0.3109375