2 0.11796875 0.71953125 0.1890625 0.346875
2 0.2078125 0.81015625 0.2390625 0.3734375
2 0.54375 0.62890625 0.175 0.3875
2 0.6703125 0.571875 0.1625 0.34375
2 0.7984375 0.47890625 0.1515625 0.3109375
2 0.77890625 0.2515625 0.140625 0.2703125
2 0.8328125 0.17890625 0.1171875 0.259375
2 0.8921875 0.178125 0.15 0.309375
2 0.7703125 0.08515625 0.121875 0.1625
2 0.81796875 0.0296875 0.0859375 0.05
2 0.86953125 0.0171875 0.075 0.0234375
2 0.69609375 0.040625 0.084375 0.0765625
2 0.23515625 0.3515625 0.15 0.2796875
2 0.14921875 0.346875 0.15625 0.290625
2 0.14453125 0.259375 0.1359375 0.2765625
2 0.1265625 0.61015625 0.1890625 0.3296875