2 0.1421875 0.71640625 0.178125 0.334375
2 0.23046875 0.81171875 0.2265625 0.3765625
2 0.55390625 0.62109375 0.1640625 0.3734375
2 0.6765625 0.5640625 0.1515625 0.33125
2 0.7984375 0.47109375 0.1421875 0.3
2 0.77578125 0.25078125 0.1328125 0.259375
2 0.82734375 0.1796875 0.109375 0.25
2 0.88515625 0.17734375 0.140625 0.2984375
2 0.765625 0.08359375 0.115625 0.1671875
2 0.81015625 0.02890625 0.0828125 0.0578125
2 0.8609375 0.01640625 0.071875 0.0328125
2 0.69296875 0.0421875 0.0796875 0.084375
2 0.25 0.35703125 0.140625 0.26875
2 0.16640625 0.35390625 0.146875 0.2796875
2 0.16015625 0.26875 0.1265625 0.2671875
2 0.1484375 0.61015625 0.178125 0.3171875