2 0.109375 0.32734375 0.21875 0.3734375
2 0.1859375 0.22578125 0.2828125 0.40625
2 0.5484375 0.375 0.2203125 0.4125
2 0.684375 0.41875 0.2015625 0.3671875
2 0.82421875 0.50078125 0.1875 0.3328125
2 0.82890625 0.73515625 0.1734375 0.2890625
2 0.8921875 0.803125 0.146875 0.2765625
2 0.92890625 0.79375 0.1421875 0.321875
2 0.8375 0.8921875 0.1375 0.1515625
2 0.89140625 0.94375 0.0890625 0.034375
2 0.76640625 0.9453125 0.090625 0.0609375
2 0.2640625 0.69140625 0.18125 0.3
2 0.1765625 0.7046875 0.190625 0.3125
2 0.18125 0.7953125 0.1671875 0.296875
2 0.125 0.4390625 0.228125 0.35625