2 0.10234375 0.63046875 0.1109375 0.31875
2 0.1640625 0.75703125 0.1453125 0.3828125
2 0.525 0.6296875 0.0859375 0.3640625
2 0.6578125 0.60234375 0.0828125 0.3203125
2 0.796875 0.5390625 0.0796875 0.2890625
2 0.825 0.31953125 0.0796875 0.2484375
2 0.890625 0.26171875 0.05625 0.24375
2 0.94765625 0.271875 0.078125 0.2890625
2 0.85859375 0.128125 0.0703125 0.209375
2 0.91875 0.06875 0.053125 0.1375
2 0.971875 0.0625 0.0453125 0.125
2 0.7984375 0.06875 0.05 0.1375
2 0.28828125 0.3046875 0.084375 0.2578125
2 0.2078125 0.2828125 0.090625 0.265625
2 0.22109375 0.1984375 0.071875 0.25625
2 0.1328125 0.528125 0.1140625 0.3