2 0.09140625 0.63515625 0.1203125 0.3296875
2 0.153125 0.76640625 0.15625 0.396875
2 0.5265625 0.6421875 0.0953125 0.375
2 0.66328125 0.61640625 0.090625 0.33125
2 0.8078125 0.55390625 0.0875 0.2984375
2 0.840625 0.32890625 0.0859375 0.25625
2 0.909375 0.26953125 0.0625 0.2515625
2 0.96171875 0.27890625 0.0765625 0.2984375
2 0.878125 0.13203125 0.0765625 0.2171875
2 0.94140625 0.075 0.05625 0.1359375
2 0.98515625 0.06875 0.0296875 0.121875
2 0.81796875 0.07265625 0.053125 0.1359375
2 0.28828125 0.303125 0.090625 0.2671875
2 0.20625 0.27890625 0.0984375 0.275
2 0.221875 0.19296875 0.078125 0.2640625
2 0.125 0.53046875 0.121875 0.3109375