2 0.98359375 0.85859375 0.0328125 0.2484375
1 0.45390625 0.7140625 0.1484375 0.571875
2 0.15546875 0.3765625 0.0546875 0.21875
2 0.09453125 0.4953125 0.0578125 0.2203125
2 0.0484375 0.340625 0.0515625 0.125
2 0.04765625 0.66015625 0.0734375 0.2265625
2 0.00546875 0.53671875 0.0109375 0.1828125
2 0.64609375 0.4171875 0.040625 0.1953125
2 0.7359375 0.3046875 0.0421875 0.165625
2 0.44375 0.31875 0.034375 0.0875
2 0.8359375 0.06171875 0.03125 0.1234375
2 0.02734375 0.103125 0.0546875 0.159375
2 0.4125 0.0796875 0.034375 0.05
2 0.48671875 0.07890625 0.021875 0.0484375
2 0.52734375 0.07734375 0.028125 0.05
2 0.55546875 0.07578125 0.0265625 0.0546875
2 0.5796875 0.08515625 0.0203125 0.0609375
2 0.60546875 0.07421875 0.028125 0.065625
2 0.7171875 0.0765625 0.0328125 0.0625
2 0.81015625 0.0125 0.0234375 0.025