1 0.5203125 0.275 0.278125 0.55
2 0.16484375 0.49921875 0.103125 0.21875
2 0.1390625 0.37578125 0.1078125 0.2203125
2 0.0578125 0.50625 0.078125 0.128125
2 0.1359375 0.2140625 0.125 0.2296875
2 0.0546875 0.31328125 0.0859375 0.18125
2 0.62421875 0.58203125 0.0875 0.19375
2 0.67890625 0.70703125 0.0796875 0.1640625
2 0.41484375 0.62265625 0.053125 0.0890625
2 0.709375 0.94609375 0.0625 0.1078125
2 0.0125 0.71796875 0.025 0.1609375
2 0.32734375 0.834375 0.0421875 0.053125
2 0.39609375 0.85234375 0.0328125 0.0515625
2 0.43203125 0.86328125 0.0390625 0.0546875
2 0.4578125 0.871875 0.0390625 0.05625
2 0.48125 0.86953125 0.034375 0.0609375
2 0.503125 0.88671875 0.04375 0.0671875
2 0.60625 0.91171875 0.0453125 0.0671875
2 0.6703125 0.98828125 0.0375 0.0234375