2 0.9625 0.8828125 0.075 0.234375
1 0.44765625 0.73203125 0.1203125 0.5359375
2 0.18046875 0.40390625 0.04375 0.203125
2 0.1203125 0.5125 0.046875 0.203125
2 0.08125 0.36640625 0.04375 0.115625
2 0.0703125 0.6640625 0.0609375 0.209375
2 0.0203125 0.54765625 0.0375 0.1703125
2 0.6359375 0.4578125 0.03125 0.18125
2 0.7234375 0.35546875 0.034375 0.153125
2 0.45 0.359375 0.0296875 0.0796875
2 0.82578125 0.125 0.025 0.128125
2 0.06875 0.14453125 0.0484375 0.146875
2 0.42890625 0.13515625 0.0296875 0.0453125
2 0.4984375 0.1375 0.01875 0.0453125
2 0.5359375 0.1375 0.025 0.0453125
2 0.5625 0.13671875 0.0234375 0.05
2 0.584375 0.14609375 0.0171875 0.05625
2 0.60859375 0.13671875 0.025 0.059375
2 0.71328125 0.14296875 0.028125 0.0578125
2 0.80234375 0.0703125 0.0203125 0.0546875