2 0.05078125 0.88984375 0.0828125 0.2203125
1 0.56015625 0.7296875 0.1390625 0.5390625
2 0.815625 0.39296875 0.05 0.2046875
2 0.8796875 0.49921875 0.0546875 0.2046875
2 0.9140625 0.3515625 0.046875 0.1171875
2 0.93515625 0.64921875 0.06875 0.2109375
2 0.9796875 0.53046875 0.040625 0.1703125
2 0.3625 0.4625 0.0390625 0.1828125
2 0.271875 0.36328125 0.0390625 0.153125
2 0.5453125 0.3578125 0.03125 0.0796875
2 0.16171875 0.13671875 0.0296875 0.128125
2 0.91875 0.1296875 0.053125 0.1484375
2 0.55859375 0.1328125 0.0296875 0.0453125
2 0.4890625 0.1375 0.0203125 0.0453125
2 0.4515625 0.1390625 0.0265625 0.046875
2 0.425 0.1390625 0.025 0.05
2 0.403125 0.14921875 0.01875 0.05625
2 0.37890625 0.140625 0.0265625 0.059375
2 0.27421875 0.15078125 0.0296875 0.059375
2 0.1828125 0.08125 0.021875 0.0546875