2 0.034375 0.07578125 0.059375 0.1515625
1 0.5703125 0.25625 0.1609375 0.5125
2 0.84453125 0.5875 0.0578125 0.225
2 0.9171875 0.471875 0.0625 0.225
2 0.9515625 0.634375 0.053125 0.1296875
2 0.96875 0.3109375 0.0625 0.23125
2 0.3515625 0.503125 0.046875 0.2
2 0.25078125 0.60859375 0.0453125 0.1671875
2 0.54921875 0.6203125 0.0359375 0.0875
2 0.12578125 0.8546875 0.0359375 0.140625
2 0.953125 0.8765625 0.0609375 0.1640625
2 0.559375 0.865625 0.034375 0.05
2 0.48359375 0.86015625 0.0234375 0.05
2 0.4421875 0.8578125 0.0296875 0.0515625
2 0.41328125 0.85703125 0.028125 0.0546875
2 0.38984375 0.84609375 0.021875 0.0625
2 0.36328125 0.8546875 0.0296875 0.065625
2 0.24921875 0.840625 0.034375 0.065625
2 0.1484375 0.915625 0.025 0.059375