2 0.15 0.93671875 0.125 0.1265625
1 0.61484375 0.70859375 0.2578125 0.55
2 0.79296875 0.31953125 0.096875 0.2125
2 0.88125 0.4109375 0.1 0.2125
2 0.88125 0.25625 0.0734375 0.125
2 0.95625 0.54765625 0.0875 0.2234375
2 0.97421875 0.41953125 0.0515625 0.1734375
2 0.3578125 0.49375 0.078125 0.1875
2 0.24453125 0.415625 0.075 0.159375
2 0.515625 0.346875 0.05 0.0859375
2 0.08203125 0.21484375 0.059375 0.1328125
2 0.83359375 0.05625 0.0859375 0.1125
2 0.4765625 0.1203125 0.040625 0.053125
2 0.40859375 0.14140625 0.03125 0.05
2 0.371875 0.15078125 0.0375 0.0515625
2 0.3453125 0.15703125 0.0359375 0.0546875
2 0.3265625 0.171875 0.03125 0.0609375
2 0.3 0.16953125 0.040625 0.065625
2 0.1984375 0.203125 0.04375 0.0640625
2 0.090625 0.15546875 0.034375 0.059375