2 0.946875 0.8828125 0.053125 0.234375
1 0.45625 0.72578125 0.234375 0.5484375
2 0.1828125 0.40390625 0.0875 0.21875
2 0.1203125 0.515625 0.0921875 0.21875
2 0.08125 0.365625 0.06875 0.1265625
2 0.0703125 0.6703125 0.10625 0.2265625
2 0.02890625 0.55 0.0578125 0.18125
2 0.6484375 0.459375 0.071875 0.1921875
2 0.7375 0.3546875 0.0671875 0.1625
2 0.45859375 0.35859375 0.046875 0.0859375
2 0.8421875 0.11875 0.0515625 0.1359375
2 0.06796875 0.1390625 0.08125 0.159375
2 0.43671875 0.1296875 0.0390625 0.0515625
2 0.5078125 0.13203125 0.0296875 0.05
2 0.5453125 0.1328125 0.0359375 0.0515625
2 0.5734375 0.13125 0.034375 0.0546875
2 0.59609375 0.140625 0.0296875 0.059375
2 0.6203125 0.13125 0.0390625 0.065625
2 0.72734375 0.1375 0.040625 0.065625
2 0.81875 0.0640625 0.0328125 0.0609375