2 0.02421875 0.83125 0.0484375 0.240625
1 0.528125 0.73125 0.175 0.5375
2 0.828125 0.4375 0.0640625 0.2078125
2 0.8765625 0.55234375 0.06875 0.2078125
2 0.93046875 0.4109375 0.0546875 0.11875
2 0.91015625 0.7078125 0.0828125 0.2140625
2 0.971875 0.59765625 0.0546875 0.171875
2 0.36953125 0.44375 0.0515625 0.184375
2 0.29296875 0.3328125 0.05 0.1546875
2 0.5640625 0.365625 0.0375 0.08125
2 0.21484375 0.09296875 0.0375 0.1296875
2 0.96640625 0.19140625 0.0640625 0.15
2 0.60859375 0.14453125 0.0328125 0.046875
2 0.5390625 0.13984375 0.0234375 0.046875
2 0.50234375 0.1359375 0.0296875 0.0484375
2 0.47578125 0.13203125 0.028125 0.0515625
2 0.453125 0.1390625 0.0234375 0.05625
2 0.4296875 0.12734375 0.03125 0.0609375
2 0.325 0.12265625 0.0328125 0.0609375
2 0.24453125 0.04140625 0.0265625 0.05625