2 0.98046875 0.84140625 0.0390625 0.2359375
1 0.459375 0.71328125 0.196875 0.5734375
2 0.15859375 0.3875 0.071875 0.221875
2 0.10078125 0.50625 0.0765625 0.221875
2 0.05 0.35234375 0.0609375 0.128125
2 0.05546875 0.66953125 0.0921875 0.2296875
2 0.01328125 0.546875 0.0265625 0.18125
2 0.64453125 0.41953125 0.0578125 0.196875
2 0.73125 0.30546875 0.0546875 0.165625
2 0.44140625 0.325 0.040625 0.0875
2 0.8265625 0.06171875 0.04375 0.1234375
2 0.0296875 0.11796875 0.059375 0.1609375
2 0.40703125 0.0875 0.0359375 0.0515625
2 0.48046875 0.08671875 0.0265625 0.05
2 0.5203125 0.08515625 0.0328125 0.0515625
2 0.5484375 0.0828125 0.03125 0.0546875
2 0.57265625 0.09140625 0.025 0.0609375
2 0.59765625 0.0796875 0.0328125 0.065625
2 0.709375 0.08125 0.0359375 0.065625
2 0.8 0.01328125 0.028125 0.0265625